image: 3rd_floor_cleaned.pgm
resolution: 0.05
origin: [-36.002539, -57.984021, 0.000000]
negate: 0
occupied_thresh: 0.65
free_thresh: 0.196


